00000000 3.05 3.55 4.0 4.0 4.0 4.0 4.0 4.0 5
00000001 3.19 2.8 3.5 2.5 2.0 3.0 2.0 3.0 7
00000002 1.98 1.55 0.0 3.5 0.0 2.0 2.5 3.5 2
00000003 2.44 2.7 3.5 4.0 3.0 3.0 2.0 3.0 5
00000004 3.66 3.6 3.0 4.0 4.0 4.0 3.0 4.0 10
00000005 3.19 3.2 4.0 4.0 3.0 2.5 2.5 3.5 2
00000006 3.86 3.85 3.5 4.0 3.0 4.0 4.0 4.0 8
00000007 1.7 2.15 3.0 3.5 3.0 0.5 1.5 0.0 6
00000008 2.55 2.1 2.0 2.0 2.5 1.5 2.0 2.0 7
00000009 3.58 3.25 3.0 2.5 1.5 4.0 3.5 4.0 2
00000010 0.64 0.9 0.0 0.5 0.5 1.5 0.0 1.0 4
00000011 2.48 2.5 3.0 3.0 3.0 2.0 3.5 0.5 3
00000012 0.48 0.55 0.5 0.0 1.0 0.0 1.5 0.5 1
00000013 2.5 2.4 4.0 2.0 2.5 2.0 2.5 1.0 8
00000014 3.63 3.6 3.5 4.0 4.0 4.0 3.0 4.0 7
00000015 1.45 1.05 1.0 1.5 2.0 0.0 0.0 0.0 8
00000016 1.81 1.95 1.0 2.0 0.5 2.0 2.5 2.0 4
00000017 2.82 3.06 -1 4.0 3.0 3.5 2.5 2.5 8
00000018 1.09 1.1 0.0 0.5 3.0 0.5 1.0 1.5 3
00000019 3.59 3.5 3.0 3.5 4.0 2.5 3.0 3.5 6
00000020 2.73 3.2 3.5 3.0 4.0 2.5 3.0 3.0 2
00000021 2.97 2.9 3.0 2.0 3.5 3.0 4.0 1.0 6
00000022 1.33 1.25 0.0 2.0 0.5 1.0 1.5 1.5 9
00000023 3.59 3.1 3.5 2.5 3.0 1.5 4.0 4.0 4
00000024 3.7 3.95 4.0 3.5 4.0 4.0 4.0 4.0 6
00000025 3.88 3.8 4.0 4.0 3.5 4.0 4.0 4.0 6
00000026 3.14 3.2 4.0 3.0 3.5 3.5 2.5 3.5 9
00000027 1.56 1.25 1.5 3.0 0.5 0.5 1.0 0.5 9
00000028 0.97 1.1 1.0 0.0 1.0 0.0 2.0 1.0 6
00000029 2.16 2.2 1.0 2.5 2.0 1.0 3.5 2.5 4
00000030 3.06 3.0 2.5 4.0 3.5 1.5 2.5 3.0 6
00000031 1.67 1.25 0.0 1.0 0.0 3.0 1.0 0.0 5
00000032 2.03 2.0 1.5 4.0 2.0 0.5 0.5 2.5 5
00000033 3.41 3.2 3.5 2.0 4.0 3.5 3.0 2.5 4
00000034 3.38 3.45 2.0 3.0 4.0 3.5 4.0 4.0 2
00000035 2.27 2.2 2.0 1.5 3.5 1.0 3.5 1.5 10
00000036 1.8 1.3 1.5 1.5 1.5 0.5 2.0 1.0 5
00000037 3.8 3.65 4.0 4.0 3.5 3.0 3.0 4.0 4
00000038 3.41 3.3 3.0 4.0 3.5 4.0 4.0 4.0 3
00000039 3.34 2.8 3.0 3.0 2.5 2.0 2.5 4.0 1
00000040 0.94 0.8 2.0 0.0 0.0 4.0 0.0 2.0 6
00000041 1.58 1.05 1.0 2.5 0.5 2.0 0.5 1.0 7
00000042 0.78 1.6 0.5 2.5 2.0 1.0 3.0 1.5 3
00000043 3.16 3.05 2.5 4.0 2.0 3.5 2.5 4.0 8
00000044 1.36 1.3 1.0 1.5 1.0 2.0 0.5 1.0 6
00000045 3.39 2.9 4.0 3.0 2.5 3.0 3.0 2.5 6
00000046 3.28 3.1 4.0 4.0 3.0 3.5 3.5 3.5 2
00000047 2.91 2.4 1.0 1.5 1.5 2.5 3.0 2.5 9
00000048 3.84 3.9 4.0 4.0 3.5 4.0 4.0 4.0 9
00000049 2.41 2.8 3.0 3.0 2.5 2.5 2.0 3.0 8
00000050 1.92 2.1 2.0 3.0 2.0 3.0 2.0 3.5 4
00000051 0.84 0.75 1.0 2.0 0.0 2.0 0.0 0.0 10
00000052 3.39 2.9 2.5 4.0 4.0 4.0 2.0 2.0 8
00000053 2.86 2.85 2.0 2.0 2.5 2.0 4.0 3.0 4
00000054 2.8 2.9 4.0 3.0 1.0 2.5 4.0 2.5 10
00000055 3.5 3.7 4.0 4.0 4.0 4.0 4.0 2.0 2
00000056 1.16 1.3 1.0 0.0 1.0 1.0 1.0 1.5 1
00000057 3.16 3.4 3.0 4.0 2.5 4.0 3.5 3.5 7
00000058 2.41 2.35 2.5 3.0 4.0 0.5 3.0 1.5 9
00000059 2.84 3.0 4.0 4.0 2.0 3.5 3.5 2.0 6
00000060 2.23 2.4 4.0 0.0 1.5 3.0 2.0 3.5 8
00000061 1.03 0.85 1.5 1.5 0.0 1.5 1.0 1.0 6
00000062 2.8 2.8 3.5 4.0 4.0 2.0 3.0 2.5 5
00000063 1.61 0.75 0.0 0.0 2.5 1.0 0.0 0.0 1
00000064 1.34 1.05 0.0 1.0 2.0 1.5 0.0 1.0 1
00000065 2.53 2.3 1.0 1.0 1.5 3.0 4.0 3.0 8
00000066 3.34 3.17 -1 3.5 3.5 3.0 3.5 4.0 9
00000067 3.44 3.2 4.0 4.0 3.5 3.5 3.5 0.5 6
00000068 2.84 2.5 4.0 1.5 3.0 2.0 2.5 1.0 5
00000069 3.19 3.25 4.0 4.0 3.0 4.0 4.0 3.5 8
00000070 2.7 3.4 3.0 2.5 3.5 4.0 2.5 4.0 2
00000071 2.89 2.45 3.0 2.0 1.5 3.5 0.0 2.5 4
00000072 3.88 3.75 3.5 4.0 3.0 4.0 4.0 4.0 7
00000073 3.11 3.35 4.0 2.0 4.0 2.5 1.5 4.0 10
00000074 1.28 1.25 3.0 0.0 0.0 1.0 0.0 2.0 8
00000075 2.45 2.55 2.0 3.5 2.0 3.0 3.0 4.0 6
00000076 2.73 2.95 4.0 3.5 4.0 4.0 2.5 3.0 9
00000077 1.06 0.65 0.0 1.5 0.0 0.0 1.5 2.0 1
00000078 3.05 2.7 1.5 3.0 4.0 3.0 1.5 3.0 10
00000079 2.05 2.3 3.5 0.5 3.0 2.5 3.5 1.0 4
00000080 2.97 3.0 2.5 2.5 4.0 2.5 3.5 3.0 1
00000081 3.73 3.85 4.0 4.0 3.0 4.0 4.0 4.0 6
00000082 0.5 0.45 0.0 1.0 0.0 0.5 1.0 0.0 4
00000083 3.06 2.75 4.0 3.5 3.0 2.0 4.0 2.5 2
00000084 1.88 2.15 2.0 1.5 2.5 2.0 0.0 4.0 5
00000085 3.78 3.65 4.0 4.0 3.5 3.5 2.5 3.5 3
00000086 2.41 2.4 3.0 2.5 1.5 2.0 3.0 2.0 1
00000087 3.19 3.05 4.0 4.0 4.0 2.5 3.5 4.0 8
00000088 3.17 3.05 2.5 3.0 3.0 3.0 4.0 1.5 2
00000089 2.88 3.05 2.5 4.0 4.0 1.5 4.0 2.5 4
00000090 1.05 1.25 3.0 2.0 2.0 2.0 1.0 1.0 8
00000091 3.02 3.05 3.0 3.5 3.5 4.0 2.5 3.5 7
00000092 1.97 2.0 4.0 1.5 2.5 2.0 3.0 1.5 7
00000093 3.0 2.85 4.0 3.5 2.0 2.0 4.0 2.0 4
00000094 3.06 3.2 4.0 2.0 3.5 4.0 3.0 4.0 5
00000095 2.34 2.45 3.5 1.5 1.0 4.0 3.5 1.5 8
00000096 0.89 1.15 2.0 1.5 0.0 0.0 2.0 1.0 8
00000097 1.89 1.7 1.0 1.5 3.0 0.0 1.0 1.0 7
00000098 2.8 2.3 3.5 3.5 1.5 2.0 2.5 2.0 9
00000099 0.69 0.95 1.5 1.0 0.0 0.5 0.0 0.0 4
00000100 2.52 1.9 4.0 2.0 1.0 3.0 0.0 2.0 5
00000101 3.77 3.75 3.5 4.0 3.5 3.0 3.5 4.0 7
00000102 1.48 1.75 2.5 2.5 1.0 1.5 3.5 2.0 8
00000103 3.52 3.05 3.5 4.0 3.0 3.0 2.0 2.0 8
00000104 1.59 1.35 2.5 1.5 2.5 1.5 1.0 0.0 10
00000105 1.78 1.45 2.5 0.5 2.0 1.5 0.0 0.5 5
00000106 2.58 2.15 2.5 1.0 2.5 2.5 2.0 2.5 4
00000107 3.66 3.75 4.0 4.0 4.0 4.0 4.0 4.0 10
00000108 3.66 3.55 4.0 2.5 3.5 4.0 4.0 3.5 6
00000109 1.14 1.2 1.5 0.0 1.5 3.0 1.0 0.0 4
00000110 1.77 1.75 1.5 3.0 0.5 3.0 2.0 1.0 3
00000111 2.33 1.95 0.0 2.5 2.5 2.0 2.0 1.5 8
00000112 3.66 3.75 4.0 4.0 4.0 4.0 4.0 3.5 8
00000113 3.25 3.15 4.0 2.5 4.0 3.0 2.0 2.0 2
00000114 0.84 1.25 0.0 2.0 0.5 0.0 1.0 2.0 5
00000115 2.53 2.7 3.5 3.5 4.0 3.0 4.0 1.5 1
00000116 1.47 0.8 0.0 0.5 1.0 2.5 0.5 0.0 6
00000117 3.88 3.9 4.0 4.0 4.0 4.0 4.0 4.0 8
00000118 3.45 3.65 4.0 4.0 1.5 4.0 4.0 4.0 4
00000119 1.05 1.05 1.0 1.0 3.0 1.5 0.0 0.0 1
00000120 3.73 3.7 4.0 4.0 4.0 3.0 4.0 3.5 7
00000121 2.66 2.8 3.0 2.5 4.0 1.5 1.5 2.5 10
00000122 3.61 3.7 3.0 3.5 3.5 4.0 4.0 4.0 7
00000123 2.88 2.8 2.5 2.5 3.0 1.5 3.0 3.5 4
00000124 3.61 3.65 3.5 4.0 3.0 4.0 3.5 4.0 4
00000125 3.64 3.7 4.0 4.0 4.0 3.0 4.0 3.5 3
00000126 3.53 3.5 3.5 3.0 2.0 4.0 4.0 4.0 2
00000127 2.72 3.6 4.0 4.0 4.0 3.0 4.0 3.0 5
00000128 3.31 3.05 2.5 2.5 3.0 2.5 1.5 3.5 6
00000129 2.2 2.7 2.5 4.0 3.5 2.5 1.5 1.5 2
00000130 3.11 3.1 2.5 1.5 4.0 3.5 3.5 2.0 2
00000131 1.59 1.8 3.0 0.0 4.0 1.0 2.5 4.0 7
00000132 3.67 3.45 3.5 3.5 4.0 3.5 3.0 4.0 4
00000133 2.55 2.6 3.0 1.5 2.5 3.0 2.5 2.0 1
00000134 2.56 2.78 -1 3.0 3.5 3.0 2.5 2.0 4
00000135 3.38 3.2 2.5 2.0 4.0 3.0 4.0 1.5 5
00000136 1.05 1.9 2.0 1.5 1.5 1.0 2.0 1.5 8
00000137 2.83 2.95 3.0 3.5 2.0 4.0 3.0 3.0 9
00000138 3.81 3.7 3.5 3.5 3.5 4.0 3.5 4.0 3
00000139 3.42 3.45 3.0 4.0 4.0 4.0 4.0 4.0 3
00000140 2.83 3.25 3.0 4.0 2.5 3.0 3.5 4.0 3
00000141 1.92 1.9 0.5 2.5 2.5 2.5 0.0 2.5 9
00000142 3.78 3.65 2.5 3.5 3.0 4.0 4.0 4.0 1
00000143 1.66 2.0 -1 1.0 0.5 2.0 0.5 2.5 7
00000144 2.66 2.15 1.5 2.5 3.0 2.0 2.0 2.0 4
00000145 3.77 3.85 3.5 4.0 4.0 4.0 4.0 3.0 10
00000146 2.42 2.6 3.5 2.0 2.0 2.0 1.0 3.0 4
00000147 3.36 3.3 3.0 3.5 2.0 3.5 3.0 3.0 1
00000148 0.91 0.7 1.0 2.0 0.5 0.0 1.0 0.0 4
00000149 1.77 1.7 3.0 1.5 3.5 0.0 1.0 3.0 6
00000150 1.81 2.0 3.0 3.0 2.0 2.0 1.5 1.0 3
00000151 3.0 3.15 2.0 4.0 2.5 3.5 4.0 4.0 6
00000152 1.05 1.1 0.0 0.5 0.5 1.0 2.5 0.5 5
00000153 3.27 3.15 2.5 3.5 2.5 4.0 3.0 4.0 1
00000154 2.88 2.75 3.5 3.0 2.0 3.5 1.5 3.0 1
00000155 1.08 1.2 1.0 1.0 0.0 0.5 2.0 1.5 1
00000156 1.47 1.6 2.5 1.0 2.0 1.0 1.5 2.0 6
00000157 0.92 0.85 2.5 0.0 2.5 0.0 0.5 0.0 1
00000158 3.28 3.2 3.0 3.5 4.0 4.0 4.0 4.0 8
00000159 0.56 0.7 1.5 1.5 0.5 0.0 0.0 1.0 5
00000160 3.66 3.83 -1 4.0 4.0 4.0 3.5 4.0 2
00000161 2.91 3.15 1.5 3.0 4.0 3.5 4.0 4.0 2
00000162 3.64 3.55 3.0 4.0 4.0 4.0 3.5 3.5 1
00000163 1.45 1.25 2.0 0.5 1.0 0.0 2.0 3.5 5
00000164 2.75 2.2 4.0 2.0 2.5 1.0 3.0 2.5 7
00000165 3.66 3.55 3.5 4.0 2.5 3.5 4.0 3.0 8
00000166 2.98 3.1 2.5 3.5 3.0 3.0 2.0 2.0 4
00000167 1.06 1.0 0.5 1.5 1.5 2.0 0.0 2.0 8
00000168 3.32 3.33 -1 3.0 4.0 4.0 4.0 3.0 3
00000169 1.16 1.35 0.5 2.5 2.0 1.5 1.5 1.0 1
00000170 3.38 3.25 4.0 4.0 3.0 2.5 3.0 3.5 5
00000171 3.11 2.85 3.0 4.0 2.0 1.5 3.0 3.0 1
00000172 3.33 2.85 4.0 2.0 3.5 2.5 3.0 4.0 8
00000173 3.2 2.75 2.5 3.5 2.0 2.0 2.0 2.5 3
00000174 3.69 3.45 3.5 3.5 2.0 4.0 2.5 4.0 3
00000175 3.08 3.0 2.5 3.0 3.5 3.5 2.5 3.0 3
00000176 1.17 1.3 2.0 1.5 0.5 1.5 0.0 1.5 8
00000177 2.66 2.6 2.5 2.0 2.5 4.0 3.0 1.5 8
00000178 3.06 2.85 2.5 2.0 3.5 4.0 2.0 1.5 9
00000179 1.09 0.7 0.0 1.5 0.0 1.5 1.5 1.5 7
00000180 2.67 2.65 3.5 3.5 2.0 1.5 4.0 3.0 1
00000181 3.69 3.45 2.5 3.0 4.0 3.0 4.0 3.5 4
00000182 1.8 2.2 2.5 2.0 2.5 0.5 3.5 2.5 5
00000183 1.02 0.5 1.5 0.0 0.5 0.5 1.0 0.5 1
00000184 2.25 2.0 3.0 4.0 1.5 3.0 1.5 1.0 9
00000185 2.33 2.05 2.0 1.5 1.5 1.5 2.0 1.0 2
00000186 3.52 3.55 3.0 3.5 4.0 4.0 4.0 3.0 7
00000187 2.58 2.7 2.0 2.5 2.5 3.5 1.5 3.5 3
00000188 0.63 1.0 2.5 0.0 0.0 0.0 0.5 1.0 5
00000189 2.42 2.4 2.0 3.5 2.5 2.0 2.5 2.5 5
00000190 1.28 1.2 1.0 1.0 0.0 0.5 0.0 1.5 2
00000191 1.72 1.95 2.5 3.0 2.5 3.0 0.5 1.5 5
00000192 2.67 2.65 2.5 4.0 1.5 1.0 2.5 3.5 9
00000193 0.63 0.9 0.5 1.5 1.5 1.5 2.0 0.0 5
00000194 2.67 2.7 2.5 1.5 3.0 2.5 3.5 3.5 3
00000195 2.63 2.9 3.5 3.5 2.0 3.0 3.0 0.5 4
00000196 3.52 3.7 3.5 4.0 4.0 4.0 4.0 4.0 6
00000197 2.39 2.05 2.0 4.0 1.0 1.0 3.5 1.5 6
00000198 3.91 3.9 4.0 4.0 4.0 4.0 4.0 4.0 10
00000199 3.19 3.2 3.5 2.0 4.0 3.0 4.0 2.0 2
00000200 3.11 3.6 3.5 3.5 4.0 4.0 3.5 1.5 5
00000201 2.97 3.1 2.5 2.5 2.0 2.5 4.0 3.0 1
00000202 0.86 1.35 1.0 1.5 1.5 3.5 0.5 1.0 7
00000203 3.73 3.6 4.0 2.5 4.0 3.5 3.0 3.0 4
00000204 1.97 2.75 1.0 3.5 3.5 3.0 3.5 3.0 6
00000205 2.17 2.3 2.5 3.0 3.0 2.5 3.0 1.5 5
00000206 2.77 3.05 3.5 3.5 2.5 4.0 3.5 3.0 8
00000207 3.61 3.5 4.0 3.0 4.0 2.5 4.0 4.0 10
00000208 3.36 3.55 3.5 2.5 4.0 4.0 4.0 2.5 3
00000209 2.55 2.85 2.5 3.0 3.0 0.5 3.5 1.5 4
00000210 3.11 3.1 2.5 1.5 4.0 3.0 3.0 4.0 3
00000211 3.81 3.7 3.0 4.0 3.5 4.0 4.0 4.0 7
00000212 3.36 3.5 4.0 4.0 3.5 3.5 3.5 2.0 6
00000213 3.27 3.45 4.0 4.0 4.0 4.0 3.0 4.0 4
00000214 3.38 3.4 4.0 4.0 2.0 4.0 3.0 4.0 10
00000215 1.2 1.25 2.0 3.5 1.5 1.0 1.0 0.0 8
00000216 1.69 1.8 0.5 2.0 3.0 0.0 2.5 2.5 5
00000217 2.25 1.95 1.5 1.0 3.0 3.0 1.5 2.5 2
00000218 0.75 1.0 2.0 1.5 1.0 0.5 1.5 0.0 7
00000219 3.69 3.4 3.0 1.5 3.5 4.0 4.0 4.0 8
00000220 2.66 2.45 4.0 3.5 2.0 3.0 1.5 2.5 3
00000221 2.89 3.15 4.0 1.5 3.5 3.0 2.5 3.5 1
00000222 3.59 3.55 4.0 3.5 4.0 3.5 4.0 4.0 8
00000223 2.94 2.85 0.5 3.5 4.0 3.5 3.0 3.0 4
00000224 2.55 2.35 1.5 2.0 3.5 2.5 2.0 2.5 4
00000225 3.7 3.65 3.5 4.0 3.5 4.0 4.0 2.5 3
00000226 1.44 1.1 0.5 1.5 1.5 1.0 1.5 0.5 9
00000227 2.94 2.95 1.5 3.5 2.0 3.5 1.0 3.5 4
00000228 2.78 2.15 2.0 1.0 2.5 3.0 1.5 2.0 7
00000229 3.78 3.9 4.0 3.0 4.0 4.0 4.0 4.0 4
00000230 3.47 3.75 4.0 4.0 4.0 4.0 2.0 4.0 5
00000231 2.95 2.95 2.0 3.5 2.5 1.0 2.0 3.0 3
00000232 3.7 3.65 4.0 4.0 4.0 4.0 3.0 3.0 1
00000233 2.53 2.35 3.0 4.0 1.5 3.0 3.5 1.0 5
00000234 3.53 3.65 3.5 3.0 3.5 4.0 3.5 4.0 6
00000235 3.5 3.45 2.0 3.0 3.5 3.0 4.0 3.0 6
00000236 1.7 1.35 1.0 1.0 1.5 0.5 2.0 3.0 8
00000237 3.72 3.7 2.0 4.0 4.0 4.0 3.0 4.0 3
00000238 3.34 3.2 4.0 4.0 3.0 3.5 2.5 3.5 1
00000239 1.05 0.95 0.0 1.0 1.5 1.0 1.0 2.0 3
00000240 2.19 2.0 0.5 2.0 2.0 3.0 2.5 2.0 7
00000241 2.55 2.7 3.5 2.5 4.0 1.5 3.0 2.0 6
00000242 3.91 3.95 4.0 4.0 4.0 3.5 4.0 4.0 3
00000243 2.42 2.5 2.0 3.0 2.0 3.5 1.0 3.5 1
00000244 3.73 3.94 -1 4.0 4.0 4.0 4.0 4.0 8
00000245 2.77 2.85 2.0 2.5 4.0 3.0 4.0 2.5 7
00000246 2.8 3.1 2.0 3.5 4.0 3.0 4.0 3.5 2
00000247 2.83 2.7 2.0 3.5 1.5 0.5 4.0 2.0 5
00000248 2.88 3.1 3.5 4.0 4.0 4.0 4.0 0.5 1
00000249 3.41 3.3 4.0 4.0 4.0 2.5 2.0 4.0 4
00000250 2.88 3.1 3.5 2.5 3.5 4.0 4.0 3.5 6
00000251 3.66 3.7 1.5 4.0 4.0 4.0 3.5 4.0 9
00000252 3.33 3.0 3.0 3.5 2.0 4.0 2.0 3.5 7
00000253 1.0 1.4 0.0 1.0 1.0 1.0 1.5 1.5 2
00000254 3.66 3.4 3.5 3.5 4.0 2.5 4.0 4.0 3
00000255 3.0 2.6 2.5 1.5 1.5 1.5 3.5 3.0 10
00000256 0.8 0.65 0.5 0.5 0.0 1.0 1.5 1.5 1
00000257 2.42 2.4 3.5 1.5 2.5 4.0 3.0 2.0 3
00000258 3.38 2.95 1.5 4.0 3.5 4.0 3.0 1.5 10
00000259 3.11 3.15 4.0 4.0 3.5 3.0 3.0 1.5 1
00000260 3.45 3.0 3.0 3.5 2.0 3.5 3.0 4.0 4
00000261 0.95 1.55 2.5 0.0 2.0 2.0 1.5 3.0 7
00000262 3.66 3.8 3.0 4.0 4.0 4.0 4.0 3.0 10
00000263 3.05 3.1 3.0 3.0 1.5 3.0 3.5 4.0 10
00000264 1.08 1.2 2.5 1.0 0.0 1.5 1.5 0.5 2
00000265 3.89 3.8 4.0 3.0 4.0 3.5 4.0 4.0 2
00000266 1.19 1.7 0.5 0.0 1.5 1.5 2.5 2.5 8
00000267 3.38 3.25 2.0 3.5 3.0 2.5 3.5 4.0 3
00000268 3.48 3.55 4.0 4.0 4.0 4.0 4.0 4.0 1
00000269 3.16 3.1 3.5 4.0 3.0 4.0 2.5 2.0 9
00000270 2.56 2.5 2.0 2.5 2.5 4.0 2.5 2.5 5
00000271 1.13 1.35 0.5 2.5 1.0 1.0 0.5 1.5 2
00000272 1.0 1.1 0.5 1.0 2.0 1.5 1.5 0.0 2
00000273 2.69 2.7 3.5 4.0 0.5 2.5 3.5 3.0 2
00000274 3.72 3.8 4.0 3.0 4.0 4.0 3.0 4.0 8
00000275 2.38 2.75 2.5 4.0 2.0 3.0 2.5 2.0 3
00000276 3.11 3.45 3.5 4.0 3.5 2.5 4.0 3.0 5
00000277 1.63 1.45 1.0 0.0 2.0 1.5 2.0 0.5 9
00000278 0.92 1.2 2.0 1.5 0.0 1.0 2.0 1.0 6
00000279 2.95 3.15 2.5 1.5 3.0 2.5 4.0 4.0 9
00000280 3.27 2.65 3.5 2.0 2.0 2.0 4.0 3.5 5
00000281 2.97 2.65 1.0 3.0 2.5 2.5 3.5 3.0 10
00000282 1.27 1.6 1.5 1.5 1.0 0.5 2.0 1.5 1
00000283 3.48 3.8 4.0 4.0 4.0 2.5 4.0 4.0 5
00000284 2.58 3.05 3.5 3.5 2.5 3.5 3.0 2.5 2
00000285 0.88 1.3 2.0 0.5 1.0 0.0 2.0 0.0 10
00000286 0.84 1.25 0.0 2.0 2.5 0.5 1.5 1.5 7
00000287 2.81 2.65 2.0 4.0 3.0 2.5 2.5 3.0 7
00000288 2.92 2.95 4.0 3.5 3.5 3.0 3.5 3.0 2
00000289 1.81 1.95 1.0 1.0 2.5 3.5 3.5 1.5 10
00000290 3.09 3.1 2.0 3.0 3.5 4.0 3.0 4.0 1
00000291 3.63 3.9 3.5 4.0 4.0 4.0 3.5 4.0 6
00000292 3.63 3.5 4.0 3.5 4.0 2.5 4.0 2.0 3
00000293 3.56 3.75 4.0 2.5 4.0 4.0 4.0 4.0 8
00000294 0.97 1.15 2.5 0.0 1.5 0.5 0.5 2.0 2
00000295 3.41 3.5 2.5 3.5 4.0 4.0 4.0 4.0 9
00000296 1.03 0.9 0.0 0.5 1.5 2.5 0.5 3.5 6
00000297 1.08 1.25 0.5 2.0 1.5 0.5 2.0 0.0 5
00000298 2.61 2.95 3.0 3.0 3.0 3.0 3.0 1.5 4
00000299 2.84 3.35 4.0 4.0 2.5 4.0 3.5 3.0 10
00000300 3.61 3.8 4.0 4.0 4.0 4.0 4.0 4.0 2
00000301 3.0 3.45 4.0 3.5 4.0 4.0 2.0 2.5 9
00000302 3.61 3.8 3.5 4.0 4.0 4.0 4.0 3.5 6
00000303 2.64 2.85 3.0 3.5 2.0 2.0 3.5 2.5 9
00000304 2.53 2.25 2.0 2.0 2.5 2.0 3.0 2.0 4
00000305 3.56 3.6 3.0 4.0 2.0 3.5 4.0 3.5 8
00000306 1.16 1.05 4.0 0.0 2.0 1.0 0.0 0.5 10
00000307 1.41 1.15 0.0 1.0 0.0 2.0 1.0 1.5 7
00000308 3.58 3.4 3.5 3.5 4.0 4.0 3.5 2.5 7
00000309 3.22 3.75 3.5 4.0 3.0 3.5 4.0 4.0 1
00000310 3.47 3.7 3.5 4.0 4.0 4.0 3.5 4.0 8
00000311 3.53 3.45 4.0 3.0 3.5 4.0 2.5 3.0 6
00000312 1.8 1.8 2.0 3.5 0.0 1.0 2.0 2.5 9
00000313 2.94 3.3 4.0 2.5 2.5 4.0 3.0 3.0 1
00000314 3.63 3.7 4.0 4.0 4.0 4.0 4.0 1.5 5
00000315 1.92 2.05 2.0 1.5 2.0 2.0 1.0 1.0 6
00000316 2.89 2.95 3.5 3.0 3.0 3.0 3.0 2.5 7
00000317 3.14 3.55 3.5 4.0 4.0 2.5 3.5 4.0 3
00000318 0.91 0.95 1.0 0.0 0.0 2.5 0.5 0.0 2
00000319 1.56 2.15 2.0 4.0 0.5 3.0 2.5 1.5 1
00000320 1.34 1.0 2.5 1.5 1.0 0.0 0.0 1.5 3
00000321 2.11 2.3 3.5 2.0 1.5 4.0 2.0 2.5 1
00000322 2.03 2.75 3.5 1.5 1.5 3.5 3.5 3.0 1
00000323 3.5 3.65 4.0 4.0 4.0 4.0 4.0 4.0 2
00000324 3.31 3.05 4.0 2.5 4.0 3.5 2.0 3.0 7
00000325 3.52 3.45 2.0 3.0 3.5 4.0 4.0 2.0 9
00000326 2.92 2.85 3.0 4.0 4.0 1.5 1.5 3.0 1
00000327 3.44 3.1 3.5 4.0 1.5 4.0 3.0 3.0 1
00000328 1.11 1.35 0.5 2.5 3.0 2.5 0.0 2.0 10
00000329 2.34 2.45 0.0 1.5 4.0 2.5 3.5 1.0 10
00000330 3.67 3.9 4.0 4.0 4.0 4.0 4.0 3.5 1
00000331 1.3 1.2 0.0 3.0 0.0 0.5 1.5 0.5 9
00000332 3.78 3.75 4.0 3.0 4.0 4.0 4.0 4.0 6
00000333 3.36 2.95 1.5 3.5 4.0 2.5 2.5 3.0 3
00000334 1.22 1.45 2.5 1.5 1.0 0.5 0.0 1.5 5
00000335 3.42 3.0 3.5 2.0 1.0 3.0 3.5 4.0 7
00000336 1.59 1.2 0.5 0.5 1.5 3.0 0.0 0.5 3
00000337 3.09 2.8 1.0 3.0 4.0 3.0 2.5 4.0 5
00000338 2.3 2.1 3.0 4.0 2.5 0.5 0.5 2.5 2
00000339 2.0 2.15 3.5 2.5 3.0 1.0 1.0 2.5 8
00000340 3.5 3.65 4.0 2.5 4.0 3.5 4.0 4.0 8
00000341 2.8 2.65 2.0 2.5 4.0 4.0 2.0 2.5 8
00000342 3.59 3.8 4.0 4.0 4.0 4.0 4.0 4.0 6
00000343 3.77 3.6 4.0 4.0 3.5 3.0 4.0 4.0 8
00000344 1.14 1.25 0.0 0.0 1.0 3.0 3.0 0.0 6
00000345 3.11 3.2 3.0 1.5 4.0 2.5 3.5 3.0 3
00000346 2.55 1.95 1.5 1.0 1.5 2.5 2.0 2.0 5
00000347 2.86 2.95 3.0 2.0 3.5 2.5 3.0 3.5 9
00000348 2.56 2.35 2.0 3.0 2.0 2.0 3.5 2.0 8
00000349 3.31 3.05 4.0 2.5 4.0 3.0 4.0 3.5 2
00000350 0.67 0.75 1.5 0.0 0.0 1.0 2.0 0.0 10
00000351 3.36 3.45 3.5 4.0 4.0 2.5 3.5 4.0 7
00000352 0.91 1.45 1.5 2.0 1.5 1.0 1.5 2.5 1
00000353 3.31 3.3 3.5 3.5 3.0 4.0 2.5 4.0 4
00000354 3.64 3.55 4.0 4.0 3.0 4.0 4.0 4.0 5
00000355 3.47 3.3 3.5 3.0 3.5 4.0 3.0 1.0 9
00000356 3.94 3.9 4.0 3.0 4.0 4.0 4.0 4.0 3
00000357 1.02 0.9 2.0 2.0 0.0 1.5 0.0 0.5 8
00000358 2.33 2.5 2.0 3.0 3.5 3.0 4.0 2.0 10
00000359 2.17 2.5 2.0 3.0 2.0 2.5 4.0 3.0 2
00000360 2.88 2.95 3.0 3.5 3.5 2.5 3.5 2.0 2
00000361 3.2 3.45 3.5 3.5 3.5 2.5 4.0 4.0 3
00000362 2.8 3.45 4.0 4.0 1.5 4.0 4.0 4.0 5
00000363 2.8 2.85 4.0 1.0 4.0 2.0 3.0 4.0 7
00000364 3.64 3.6 2.0 4.0 4.0 4.0 4.0 4.0 2
00000365 3.73 3.85 4.0 4.0 4.0 4.0 2.5 4.0 9
00000366 1.55 1.9 1.0 1.5 3.5 2.0 2.0 3.5 2
00000367 3.33 3.55 4.0 4.0 3.5 3.5 4.0 3.5 7
00000368 3.89 3.85 4.0 4.0 3.0 4.0 4.0 4.0 7
00000369 0.88 1.15 0.0 0.0 3.0 1.0 1.0 3.5 10
00000370 3.67 3.8 4.0 4.0 3.5 3.0 3.5 4.0 7
00000371 3.63 3.55 4.0 4.0 3.5 4.0 1.0 3.0 1
00000372 3.09 3.1 4.0 4.0 3.5 1.0 2.0 3.0 3
00000373 3.42 3.3 2.5 2.0 2.5 3.5 4.0 4.0 6
00000374 0.59 0.6 0.0 1.0 0.5 1.0 1.0 0.5 7
00000375 2.91 2.9 4.0 3.0 3.0 4.0 0.0 1.5 9
00000376 2.69 2.7 4.0 4.0 4.0 3.0 3.0 1.5 10
00000377 3.81 3.83 -1 4.0 4.0 4.0 3.0 4.0 3
00000378 3.3 3.15 2.5 3.5 4.0 3.5 2.0 4.0 8
00000379 1.13 1.3 1.0 0.5 2.0 1.0 1.5 1.5 10
00000380 2.72 2.95 4.0 3.0 3.5 0.5 3.0 3.5 6
00000381 3.5 3.3 4.0 2.5 3.5 4.0 4.0 3.5 1
00000382 3.66 3.85 4.0 4.0 4.0 4.0 4.0 4.0 10
00000383 2.25 1.95 2.0 0.5 3.5 3.0 1.5 1.0 7
00000384 1.0 0.9 1.0 0.0 0.0 1.0 2.5 1.5 9
00000385 3.95 4.0 4.0 4.0 4.0 4.0 4.0 4.0 9
00000386 2.36 2.8 2.5 4.0 3.0 2.5 3.0 3.5 6
00000387 3.77 3.8 4.0 3.0 3.0 4.0 4.0 4.0 9
00000388 3.69 3.8 3.0 4.0 4.0 4.0 3.5 4.0 2
00000389 3.31 2.65 3.0 2.0 2.0 1.5 2.0 1.5 6
00000390 0.81 0.95 0.5 1.0 0.0 1.0 2.0 0.5 5
00000391 1.33 1.05 0.0 0.0 1.0 1.0 1.0 0.0 4
00000392 3.73 3.8 4.0 3.0 4.0 4.0 4.0 4.0 9
00000393 3.3 3.0 2.0 4.0 2.0 3.0 4.0 1.0 9
00000394 2.33 3.4 2.5 4.0 4.0 1.5 4.0 3.5 1
00000395 2.91 2.35 2.5 2.5 2.0 3.0 2.0 2.5 9
00000396 1.25 1.5 3.0 0.0 2.0 1.5 2.5 0.0 8
00000397 3.73 3.9 4.0 4.0 4.0 3.5 4.0 4.0 4
00000398 2.64 2.6 3.0 1.5 1.5 2.0 2.5 0.5 5
00000399 2.92 3.3 3.0 4.0 4.0 3.0 3.5 2.0 2
00000400 3.45 2.85 4.0 4.0 2.5 1.0 3.0 1.5 9
00000401 2.53 3.05 3.0 3.5 4.0 3.0 4.0 4.0 1
00000402 1.27 0.75 0.0 1.5 0.0 0.5 2.0 0.0 8
00000403 2.5 2.45 3.0 1.0 4.0 1.5 2.5 3.5 4
00000404 3.16 3.5 3.5 4.0 3.0 4.0 4.0 3.0 1
00000405 0.84 0.85 1.0 1.0 0.0 0.0 1.0 1.5 3
00000406 3.67 3.15 2.5 3.5 2.5 3.5 3.0 3.5 6
00000407 3.2 3.5 4.0 3.0 3.5 4.0 3.0 3.5 1
00000408 3.83 3.75 2.0 4.0 4.0 4.0 4.0 4.0 10
00000409 1.86 2.0 2.0 1.0 3.0 3.0 1.0 1.5 9
00000410 2.8 2.5 3.5 1.5 3.5 2.5 2.5 2.0 7
00000411 3.05 2.8 4.0 4.0 3.0 3.0 3.5 3.0 7
00000412 3.44 3.2 2.5 3.5 4.0 4.0 3.0 2.5 8
00000413 3.75 3.6 3.0 3.5 3.5 4.0 4.0 4.0 8
00000414 1.56 1.4 1.0 1.0 2.0 0.5 2.5 2.5 5
00000415 3.77 3.55 4.0 3.5 3.5 3.0 3.5 3.5 4
00000416 2.64 2.5 3.5 2.5 0.5 2.0 2.5 0.5 9
00000417 3.3 3.05 3.5 2.5 4.0 4.0 2.0 2.0 8
00000418 3.16 3.25 4.0 3.5 3.5 1.5 2.5 3.0 9
00000419 1.13 1.05 2.0 0.0 2.5 0.5 1.0 0.0 4
00000420 3.06 2.8 0.5 3.0 4.0 2.5 2.0 4.0 6
00000421 1.06 1.6 1.5 3.0 0.5 3.0 0.5 2.5 3
00000422 1.08 1.35 2.0 0.0 1.5 0.0 1.5 2.5 8
00000423 3.66 3.6 4.0 4.0 3.0 4.0 4.0 4.0 6
00000424 3.42 3.25 1.0 4.0 4.0 2.5 2.5 4.0 1
00000425 3.05 3.35 4.0 4.0 4.0 3.5 3.5 4.0 9
00000426 2.33 2.55 2.5 4.0 2.5 2.0 4.0 3.5 1
00000427 3.33 3.65 4.0 4.0 3.0 4.0 3.0 4.0 2
00000428 1.92 2.55 2.0 4.0 3.5 2.5 2.0 1.5 7
00000429 2.5 2.0 1.5 2.5 2.5 1.0 1.0 3.5 7
00000430 3.69 3.75 4.0 3.5 4.0 4.0 4.0 4.0 6
00000431 3.89 3.95 4.0 4.0 4.0 4.0 4.0 3.5 1
00000432 1.1 0.83 -1 0.5 1.5 0.0 3.0 1.0 10
00000433 3.88 3.9 4.0 4.0 4.0 4.0 4.0 3.5 10
00000434 3.92 3.75 4.0 3.5 3.0 4.0 4.0 3.5 4
00000435 3.33 3.35 4.0 4.0 4.0 4.0 4.0 2.0 1
00000436 1.31 1.05 0.5 0.0 2.0 0.0 1.5 1.0 9
00000437 2.91 2.9 2.5 4.0 1.5 1.5 2.0 2.5 4
00000438 3.47 3.4 3.0 4.0 4.0 4.0 3.5 3.0 7
00000439 3.27 2.85 3.0 3.0 2.0 2.0 3.5 2.5 4
00000440 2.14 2.65 3.0 2.5 4.0 3.5 3.0 3.5 6
00000441 3.39 3.1 3.5 4.0 4.0 3.0 2.5 2.5 5
00000442 3.55 3.65 3.0 4.0 4.0 3.0 4.0 3.5 7
00000443 3.53 3.8 4.0 3.5 4.0 4.0 4.0 4.0 1
00000444 3.03 2.85 3.5 3.0 4.0 4.0 1.5 2.5 10
00000445 3.67 3.5 4.0 3.5 4.0 4.0 3.5 3.5 4
00000446 3.7 3.6 4.0 3.5 4.0 3.5 3.5 4.0 9
00000447 3.58 3.55 3.0 4.0 4.0 2.5 3.5 4.0 8
00000448 1.89 1.85 0.0 0.0 2.5 1.0 2.5 1.0 2
00000449 3.59 3.65 4.0 4.0 4.0 3.5 4.0 3.0 6
00000450 2.64 2.65 4.0 3.0 2.5 4.0 4.0 2.5 8
00000451 3.61 3.55 4.0 2.0 3.5 3.0 4.0 4.0 5
00000452 3.27 3.25 2.5 4.0 3.5 3.0 2.5 2.0 3
00000453 3.06 3.0 3.0 4.0 3.5 4.0 1.5 3.0 10
00000454 1.39 1.1 0.0 0.5 1.0 0.0 1.5 2.0 10
00000455 2.13 2.05 3.0 1.0 2.0 0.5 3.0 3.0 4
00000456 3.67 3.4 4.0 2.5 3.5 3.0 3.5 4.0 2
00000457 3.31 2.95 2.0 3.5 3.0 3.0 3.5 3.5 10
00000458 1.23 1.15 2.0 1.5 1.5 0.0 0.0 0.5 4
00000459 3.23 3.25 2.5 4.0 2.0 3.0 4.0 3.0 1
00000460 1.27 1.0 2.0 2.0 0.5 0.0 0.0 0.5 10
00000461 1.81 2.15 0.5 2.0 3.5 2.0 1.5 3.5 3
00000462 2.19 2.4 3.0 2.5 0.5 2.5 3.0 1.5 4
00000463 3.67 3.25 3.0 3.0 3.0 3.5 4.0 3.0 1
00000464 1.06 0.85 0.0 3.0 1.5 0.5 1.5 0.0 8
00000465 3.8 3.8 4.0 4.0 4.0 4.0 3.5 4.0 3
00000466 3.72 3.9 3.5 4.0 4.0 4.0 4.0 3.5 3
00000467 3.77 3.9 4.0 4.0 4.0 4.0 3.5 4.0 10
00000468 1.19 1.0 1.5 1.0 2.0 0.0 0.0 1.5 1
00000469 3.63 3.6 2.5 2.5 3.5 4.0 4.0 4.0 7
00000470 3.13 3.0 2.0 4.0 3.5 4.0 1.0 4.0 7
00000471 1.2 2.05 3.0 1.0 4.0 0.5 2.5 2.5 8
00000472 2.97 2.4 4.0 1.5 4.0 0.5 3.0 2.0 3
00000473 2.81 2.55 2.0 2.0 3.0 4.0 2.0 3.5 5
00000474 3.64 4.0 4.0 4.0 4.0 4.0 4.0 4.0 5
00000475 3.23 2.75 3.0 3.0 2.5 3.0 2.5 1.5 1
00000476 1.17 1.55 2.5 1.0 3.0 2.5 1.0 2.5 9
00000477 2.48 2.75 3.0 2.5 2.0 2.5 4.0 3.0 6
00000478 2.92 3.0 3.0 4.0 3.0 2.5 4.0 3.0 6
00000479 1.64 1.15 0.5 0.5 0.5 1.0 1.0 1.5 7
00000480 3.66 3.55 2.5 4.0 4.0 4.0 3.5 4.0 3
00000481 3.73 3.55 4.0 3.5 4.0 2.5 3.0 2.5 1
00000482 3.73 3.45 3.0 3.5 3.5 3.0 2.5 3.5 7
00000483 0.95 1.05 1.5 0.0 1.0 0.5 0.0 1.5 2
00000484 0.7 0.85 1.5 0.0 0.0 0.5 0.5 0.5 1
00000485 2.42 2.3 2.0 3.5 1.5 1.5 2.5 2.0 5
00000486 1.48 1.4 1.0 1.0 0.0 1.0 1.5 0.5 6
00000487 0.55 0.9 1.0 2.0 0.5 1.0 1.0 0.0 2
00000488 3.19 3.3 3.0 4.0 3.5 4.0 2.5 4.0 3
00000489 3.05 2.6 4.0 2.5 2.0 2.0 2.5 2.5 1
00000490 1.3 1.85 1.5 3.0 2.0 2.0 1.5 2.0 6
00000491 3.14 2.9 2.5 3.0 2.5 3.5 1.5 2.5 4
00000492 1.56 0.95 0.5 0.0 1.0 0.0 0.0 1.5 7
00000493 3.61 3.35 4.0 3.5 4.0 4.0 1.5 4.0 7
00000494 3.69 3.8 4.0 4.0 4.0 4.0 3.5 3.0 4
00000495 1.77 1.6 2.5 0.5 3.0 1.0 0.5 1.0 1
00000496 2.02 2.15 2.0 1.5 2.5 2.0 1.0 1.5 7
00000497 3.17 3.05 3.0 3.0 3.5 3.5 2.5 3.0 7
00000498 3.5 3.45 3.5 3.5 2.5 4.0 3.0 2.5 3
00000499 1.09 0.65 0.0 0.0 2.0 0.0 1.5 1.5 6
00000500 2.95 3.15 4.0 3.0 2.5 3.5 3.5 2.5 5
00000501 1.05 0.65 1.5 0.0 3.0 1.0 0.5 0.0 3
00000502 3.58 3.8 4.0 4.0 3.5 4.0 4.0 3.5 10
00000503 1.16 1.1 1.0 1.0 2.5 0.0 0.0 1.0 9
00000504 3.28 3.45 4.0 3.5 3.5 4.0 3.0 2.5 10
00000505 2.98 3.3 4.0 4.0 2.5 3.0 4.0 1.5 7
00000506 2.86 2.65 2.0 3.5 2.5 2.0 3.0 2.0 1
00000507 3.39 3.35 4.0 2.5 4.0 4.0 3.5 3.5 3
00000508 3.19 3.1 4.0 2.0 4.0 3.0 3.5 3.0 3
00000509 3.36 3.05 2.0 2.0 4.0 2.5 2.0 3.5 8
00000510 2.94 2.85 3.5 3.0 4.0 3.0 2.0 1.5 9
00000511 2.5 2.35 2.0 2.5 2.0 3.5 2.0 2.5 9
00000512 1.0 1.05 3.0 1.0 2.0 0.0 0.0 0.0 3
00000513 3.59 3.45 4.0 4.0 2.5 3.0 2.5 4.0 5
00000514 3.34 3.2 3.5 4.0 1.5 3.5 4.0 3.5 7
00000515 1.27 1.15 0.5 0.0 1.5 1.0 1.0 0.0 2
00000516 0.59 0.95 1.0 1.0 0.0 2.5 2.0 1.0 4
00000517 2.02 2.0 1.0 1.5 2.5 3.5 1.0 1.0 8
00000518 2.78 2.75 4.0 4.0 0.0 2.5 4.0 2.0 6
00000519 0.98 1.0 1.5 2.0 1.5 1.5 0.0 0.5 5
00000520 1.25 1.2 1.0 1.5 1.5 1.0 1.5 0.0 4
00000521 1.39 1.2 3.5 0.0 1.5 1.5 2.0 0.5 10
00000522 2.22 1.5 1.0 1.5 1.5 1.0 2.0 2.0 10
00000523 3.91 3.95 4.0 3.5 4.0 4.0 4.0 4.0 10
00000524 3.3 3.35 2.5 3.5 4.0 4.0 3.0 4.0 5
00000525 2.91 2.75 3.0 3.0 4.0 3.0 1.5 2.5 2
00000526 0.78 0.85 0.0 0.5 1.5 1.0 1.0 1.0 1
00000527 1.92 2.25 2.0 3.5 3.0 2.0 1.5 1.0 8
00000528 3.56 3.5 4.0 4.0 4.0 3.0 3.5 3.0 1
00000529 2.06 2.15 2.0 2.5 2.0 2.5 1.0 0.0 1
00000530 3.38 3.6 2.5 3.5 3.5 3.0 4.0 4.0 8
00000531 3.67 3.8 4.0 4.0 4.0 4.0 4.0 3.5 5
00000532 3.52 3.55 4.0 3.5 4.0 3.5 3.5 4.0 8
00000533 3.23 3.0 4.0 1.5 3.5 3.0 3.5 2.5 9
00000534 2.92 2.5 2.5 1.0 2.5 2.5 3.0 1.5 4
00000535 3.64 3.2 2.5 4.0 3.5 2.0 4.0 3.0 8
00000536 3.98 3.95 4.0 4.0 4.0 4.0 4.0 4.0 10
00000537 2.25 2.3 1.0 2.5 1.0 2.5 3.0 3.0 10
00000538 2.25 2.1 3.0 0.0 3.0 1.0 0.5 3.5 5
00000539 3.48 3.85 4.0 4.0 4.0 3.5 4.0 4.0 3
00000540 0.92 1.05 2.0 0.0 0.0 1.0 2.0 2.0 9
00000541 0.91 0.9 0.0 1.5 0.5 1.0 0.0 2.0 5
00000542 0.83 1.4 0.0 2.0 2.0 1.5 1.0 2.0 7
00000543 3.86 3.75 3.5 4.0 3.0 4.0 4.0 4.0 5
00000544 3.2 3.2 2.5 3.0 3.5 4.0 3.5 3.0 6
00000545 1.8 2.25 1.0 1.0 3.0 1.0 3.0 3.0 5
00000546 3.03 2.7 4.0 4.0 1.0 2.5 1.5 3.0 8
00000547 2.83 2.5 0.5 2.5 3.0 2.0 0.0 4.0 2
00000548 3.88 3.7 4.0 3.5 3.5 4.0 4.0 4.0 5
00000549 2.53 2.7 1.5 3.5 2.5 4.0 2.5 4.0 8
00000550 3.36 3.5 4.0 4.0 4.0 2.0 3.0 2.5 5
00000551 3.61 3.45 4.0 3.0 4.0 1.5 4.0 4.0 7
00000552 3.59 3.55 3.0 4.0 4.0 4.0 3.0 4.0 3
00000553 3.8 3.6 4.0 4.0 3.0 4.0 1.5 4.0 4
00000554 3.53 3.2 4.0 1.5 3.0 4.0 3.0 3.5 10
00000555 2.3 2.4 1.0 2.0 3.0 2.0 2.5 4.0 9
00000556 1.83 1.3 2.0 0.0 1.5 0.0 0.5 1.5 7
00000557 3.28 3.3 4.0 2.0 3.5 2.5 3.0 4.0 4
00000558 3.0 3.0 1.5 4.0 4.0 2.0 2.5 2.5 5
00000559 0.92 0.75 1.0 1.0 1.0 0.0 1.5 0.5 2
00000560 3.25 3.2 3.5 2.0 4.0 4.0 3.5 3.5 7
00000561 2.63 2.9 3.5 1.5 2.5 2.5 3.5 3.0 1
00000562 3.47 3.5 3.5 4.0 2.5 4.0 4.0 4.0 1
00000563 3.77 3.75 2.0 3.5 4.0 4.0 4.0 4.0 5
00000564 4.0 4.0 4.0 4.0 4.0 4.0 4.0 4.0 2
00000565 0.95 1.75 1.0 1.5 0.5 2.5 0.0 2.5 9
00000566 3.66 3.85 4.0 4.0 4.0 3.5 4.0 4.0 2
00000567 0.84 0.95 1.5 0.5 2.0 1.0 1.5 1.0 4
00000568 0.92 1.0 -1 0.0 0.0 0.0 3.0 1.5 6
00000569 1.95 2.25 2.0 3.0 2.0 3.0 2.5 3.0 7
00000570 3.56 3.45 3.5 3.0 4.0 4.0 3.0 4.0 4
00000571 0.53 0.65 1.5 0.0 1.0 1.0 1.5 0.5 10
00000572 2.06 1.85 0.5 2.5 3.5 2.5 3.5 1.0 1
00000573 0.98 0.9 1.0 1.0 1.0 0.5 1.5 0.5 6
00000574 3.55 3.6 3.0 4.0 3.0 2.5 4.0 4.0 6
00000575 1.22 1.6 2.0 0.0 2.0 2.5 0.0 1.5 9
00000576 2.34 2.5 2.5 3.5 3.5 2.0 2.5 0.5 10
00000577 3.23 3.25 4.0 4.0 2.5 2.5 4.0 4.0 6
00000578 1.06 1.05 1.0 1.0 2.0 1.5 0.0 2.5 8
00000579 1.81 2.05 2.0 1.5 3.0 2.5 1.5 3.5 2
00000580 3.06 2.8 4.0 1.0 3.0 2.0 4.0 2.0 6
00000581 2.72 2.8 1.5 3.0 4.0 2.5 3.5 2.5 8
00000582 1.52 1.45 2.0 1.0 1.5 1.5 0.0 0.5 9
00000583 0.66 0.9 0.0 1.0 0.5 0.0 2.5 0.0 1
00000584 1.2 1.35 2.5 0.5 0.0 1.0 0.0 2.5 4
00000585 2.94 2.95 3.5 2.5 2.0 3.0 3.5 4.0 8
00000586 1.25 1.9 2.0 0.5 3.0 1.5 1.0 1.5 6
00000587 1.91 2.25 3.5 2.0 2.0 3.0 1.5 2.0 7
00000588 3.86 3.95 4.0 4.0 4.0 4.0 4.0 4.0 7
00000589 2.2 2.65 2.5 2.0 2.0 2.5 3.0 3.5 1
00000590 1.02 1.25 1.0 1.0 3.0 0.0 1.5 0.5 2
00000591 1.98 2.55 2.0 4.0 0.5 3.0 2.5 2.0 3
00000592 3.2 3.05 3.0 1.5 3.5 3.0 4.0 4.0 8
00000593 3.17 2.9 3.0 1.0 4.0 4.0 3.0 3.5 5
00000594 3.7 3.65 2.5 4.0 4.0 4.0 3.5 4.0 7
00000595 3.27 3.0 4.0 2.5 2.5 1.5 2.5 3.0 3
00000596 1.52 1.75 1.5 1.5 0.0 2.0 0.5 4.0 2
00000597 2.84 2.8 2.0 3.5 2.5 3.0 3.0 3.5 10
00000598 2.34 2.15 1.0 2.0 2.5 1.5 2.0 2.0 10
00000599 3.27 2.95 2.0 4.0 2.0 3.0 3.0 1.5 4
00000600 3.75 3.7 3.5 3.5 3.5 4.0 3.5 3.0 3
00000601 3.47 3.8 4.0 3.5 4.0 4.0 3.5 4.0 4
00000602 2.7 2.75 2.0 2.5 2.0 0.5 3.0 4.0 10
00000603 2.3 2.4 2.0 2.5 3.5 2.5 0.5 3.5 8
00000604 2.61 2.8 2.0 4.0 3.0 2.5 4.0 0.5 5
00000605 2.92 3.15 2.5 4.0 2.5 2.5 4.0 4.0 6
00000606 3.02 3.25 3.0 3.5 3.5 3.0 4.0 3.0 5
00000607 3.11 2.7 1.5 3.0 2.0 3.0 1.5 3.0 1
00000608 3.95 3.9 4.0 4.0 4.0 3.5 4.0 4.0 6
00000609 1.98 2.4 2.5 2.0 4.0 2.5 2.5 0.5 1
00000610 3.55 3.3 2.5 2.5 3.5 1.0 3.5 4.0 4
00000611 1.25 1.65 0.0 0.5 2.0 3.0 1.0 2.0 10
00000612 2.8 2.55 2.5 2.0 2.0 2.5 2.0 1.5 1
00000613 1.13 1.4 2.5 2.0 1.0 1.0 1.5 0.0 7
00000614 1.44 1.35 0.0 2.5 1.0 0.0 2.0 4.0 4
00000615 1.03 1.3 2.0 2.5 1.0 1.5 2.0 0.0 10
00000616 3.28 3.0 2.5 2.0 4.0 3.0 4.0 3.5 9
00000617 1.11 1.5 0.0 2.0 2.0 1.5 0.0 0.5 9
00000618 1.89 1.6 2.0 1.0 1.5 2.0 3.0 1.0 10
00000619 3.61 3.6 3.0 2.5 3.5 4.0 4.0 4.0 1
00000620 3.64 3.7 4.0 4.0 4.0 4.0 3.0 4.0 3
00000621 3.34 3.0 1.5 4.0 4.0 2.0 2.5 2.5 3
00000622 2.47 2.0 1.5 4.0 2.0 2.5 3.5 1.0 9
00000623 3.63 3.6 4.0 4.0 4.0 3.5 4.0 4.0 3
00000624 3.08 3.15 2.0 4.0 4.0 3.0 3.0 2.0 3
00000625 3.84 3.85 4.0 4.0 4.0 4.0 4.0 4.0 7
00000626 2.69 2.95 3.0 3.0 3.0 3.0 2.5 2.5 5
00000627 3.38 3.8 4.0 4.0 3.0 3.5 4.0 3.5 3
00000628 1.91 2.2 1.5 2.0 2.5 3.5 3.0 1.0 6
00000629 2.98 2.7 2.0 2.5 3.0 3.0 2.5 3.0 6
00000630 3.0 3.15 1.5 3.5 4.0 3.0 3.5 4.0 3
00000631 0.73 1.45 2.0 2.5 1.5 2.5 2.5 0.5 10
00000632 3.52 3.5 4.0 4.0 4.0 4.0 3.5 4.0 4
00000633 2.73 2.7 2.5 3.0 1.5 3.5 3.5 3.0 9
00000634 2.63 2.25 3.0 1.5 2.5 2.5 1.0 4.0 4
00000635 3.06 3.1 3.5 3.5 2.5 3.5 4.0 2.5 9
00000636 3.61 3.45 2.5 4.0 4.0 3.5 4.0 3.5 10
00000637 2.33 2.45 4.0 3.5 1.5 1.0 2.5 2.5 5
00000638 1.83 2.05 1.0 1.5 2.5 2.0 1.5 2.0 7
00000639 3.48 3.5 4.0 3.5 4.0 4.0 3.5 3.0 8
00000640 1.16 0.95 1.5 0.5 2.5 0.5 0.0 0.0 10
00000641 2.75 2.9 3.0 3.0 4.0 2.0 4.0 3.0 1
00000642 2.17 2.0 1.5 2.5 1.5 3.0 2.5 1.0 7
00000643 0.59 0.9 1.5 0.5 1.0 1.0 0.0 2.0 7
00000644 1.83 2.05 4.0 2.5 3.0 1.5 1.5 1.0 3
00000645 3.03 3.2 3.0 3.0 4.0 3.5 2.0 3.5 3
00000646 3.27 3.55 2.5 4.0 4.0 3.5 3.0 4.0 5
00000647 3.25 3.0 3.5 4.0 2.0 4.0 1.5 4.0 7
00000648 3.33 3.65 4.0 4.0 4.0 2.5 4.0 3.5 8
00000649 3.08 3.2 2.5 4.0 2.0 3.5 4.0 3.0 7
00000650 2.88 3.2 2.0 3.0 3.0 2.5 3.0 3.5 8
00000651 2.83 2.9 4.0 3.0 3.5 2.5 3.5 2.5 2
00000652 0.44 0.75 0.0 0.0 2.0 0.0 1.5 1.0 7
00000653 3.17 3.1 3.0 2.5 4.0 3.0 4.0 2.5 2
00000654 3.67 3.35 2.5 4.0 4.0 4.0 2.5 3.0 2
00000655 3.59 3.9 4.0 4.0 4.0 4.0 4.0 4.0 9
00000656 3.31 3.35 4.0 3.5 4.0 2.0 4.0 4.0 1
00000657 3.03 2.8 3.5 0.5 4.0 1.5 3.5 2.5 6
00000658 2.88 3.05 2.5 3.5 4.0 4.0 1.5 3.5 2
00000659 2.83 2.9 3.5 4.0 3.5 0.5 2.5 2.0 2
00000660 3.27 3.4 2.5 4.0 3.5 3.0 3.5 2.0 3
00000661 1.14 1.2 2.0 0.0 2.0 1.5 2.5 1.0 10
00000662 0.88 0.75 1.5 0.5 0.5 0.5 1.0 1.0 8
00000663 2.72 2.5 1.5 2.5 3.5 2.5 3.0 1.0 9
00000664 2.78 2.65 4.0 3.0 2.0 2.5 1.5 2.5 5
00000665 1.09 1.2 0.5 1.5 2.5 0.0 0.5 1.0 5
00000666 3.55 3.45 3.0 4.0 4.0 4.0 2.5 3.5 8
00000667 2.72 2.65 4.0 2.5 3.5 1.5 2.0 2.0 10
00000668 3.77 3.5 2.5 4.0 4.0 4.0 4.0 1.5 5
00000669 2.23 1.95 2.0 2.0 1.0 2.5 2.0 2.0 5
00000670 3.58 3.45 4.0 3.5 3.5 2.5 4.0 3.0 5
00000671 3.67 3.6 3.0 3.5 4.0 3.5 4.0 4.0 7
00000672 2.05 1.6 0.0 0.5 2.5 1.5 2.5 2.5 7
00000673 0.95 1.35 1.5 1.5 2.0 1.5 0.5 1.0 4
00000674 3.36 3.55 4.0 3.0 4.0 3.5 2.0 4.0 10
00000675 2.92 2.8 2.5 3.0 4.0 3.0 2.5 2.5 3
00000676 3.56 3.35 4.0 4.0 2.0 4.0 2.0 4.0 5
00000677 3.63 3.5 2.5 4.0 3.5 3.0 3.0 4.0 5
00000678 2.83 2.55 1.5 4.0 2.0 4.0 1.0 1.5 5
00000679 3.0 3.25 3.5 4.0 2.5 3.0 3.0 3.0 8
00000680 2.95 3.25 2.0 3.0 4.0 4.0 3.5 3.5 9
00000681 1.08 0.6 0.0 1.0 1.5 0.0 0.5 0.5 8
00000682 3.16 3.65 4.0 3.0 4.0 4.0 4.0 3.0 5
00000683 1.48 1.11 -1 1.5 1.5 2.5 1.0 0.0 3
00000684 2.42 2.55 2.0 2.0 3.0 4.0 2.0 2.5 3
00000685 3.48 3.35 1.0 4.0 2.0 4.0 4.0 3.5 6
00000686 3.58 3.55 4.0 3.5 3.0 4.0 3.5 4.0 5
00000687 2.92 2.95 2.0 2.5 2.0 4.0 3.5 1.5 8
00000688 1.16 1.0 0.5 0.0 2.5 0.0 1.5 0.5 10
00000689 0.67 0.65 0.5 3.0 0.0 0.5 1.0 0.0 6
00000690 3.14 3.7 4.0 4.0 4.0 4.0 4.0 3.5 3
00000691 2.98 3.17 -1 3.0 4.0 4.0 2.5 2.5 7
00000692 3.3 2.9 3.5 4.0 2.5 2.0 4.0 2.5 7
00000693 3.75 3.8 4.0 4.0 4.0 4.0 4.0 4.0 3
00000694 0.73 0.95 2.5 0.5 2.0 0.0 0.0 1.5 4
00000695 2.92 3.45 4.0 4.0 2.5 4.0 4.0 2.5 7
00000696 3.52 3.3 4.0 3.0 4.0 4.0 3.0 2.5 10
00000697 3.23 3.4 4.0 3.5 2.5 3.0 3.5 2.5 6
00000698 2.56 2.5 2.0 1.5 3.5 3.5 2.5 4.0 2
00000699 3.64 3.85 4.0 4.0 4.0 4.0 4.0 4.0 4
00000700 3.75 3.65 4.0 4.0 4.0 3.0 4.0 3.5 2
00000701 2.53 2.3 2.5 2.5 1.0 3.5 1.0 3.0 3
00000702 3.77 3.8 4.0 4.0 4.0 4.0 4.0 4.0 9
00000703 3.41 3.2 2.0 3.5 4.0 4.0 2.5 3.0 2
00000704 1.08 1.5 1.5 2.0 2.0 3.0 0.5 0.0 6
00000705 3.38 3.55 4.0 4.0 3.0 4.0 3.0 4.0 5
00000706 3.31 3.6 4.0 3.5 3.5 4.0 3.0 3.0 6
00000707 3.61 3.45 2.5 3.0 4.0 4.0 4.0 4.0 5
00000708 1.25 0.65 0.0 2.0 2.0 0.5 0.5 1.0 2
00000709 3.8 3.65 4.0 3.0 4.0 4.0 4.0 2.5 8
00000710 0.84 1.15 2.0 2.0 1.0 0.0 1.0 1.5 9
00000711 3.31 3.15 4.0 2.5 2.5 3.5 4.0 2.0 6
00000712 2.45 2.3 2.5 3.0 3.0 2.0 3.0 2.5 4
00000713 1.52 2.15 2.0 2.0 3.0 1.0 3.0 2.5 7
00000714 3.36 3.7 3.5 3.0 3.0 4.0 4.0 4.0 10
00000715 2.14 2.1 2.5 2.0 1.0 2.5 3.5 1.5 8
00000716 1.94 2.3 2.5 2.5 3.0 1.5 2.0 3.0 3
00000717 3.84 3.8 4.0 4.0 4.0 3.5 3.5 4.0 10
00000718 2.33 1.85 3.0 1.5 2.0 0.5 2.0 1.0 6
00000719 2.64 2.95 2.5 3.5 3.0 4.0 0.5 2.5 10
00000720 2.42 1.9 0.5 3.0 2.0 2.5 0.0 2.0 3
00000721 1.95 1.9 3.0 1.5 2.0 1.5 3.0 0.0 8
00000722 0.88 1.1 2.0 1.0 1.0 0.5 1.0 0.5 10
00000723 3.13 3.35 4.0 4.0 2.5 2.5 3.0 4.0 4
00000724 3.69 3.85 4.0 3.0 4.0 4.0 4.0 4.0 4
00000725 2.95 3.2 1.0 4.0 3.5 4.0 3.5 2.0 7
00000726 0.45 0.75 0.0 0.0 0.0 1.0 1.0 1.5 6
00000727 3.3 3.4 4.0 2.5 2.5 4.0 2.0 4.0 1
00000728 1.72 1.95 0.5 3.0 2.5 2.0 1.0 3.0 1
00000729 3.64 3.55 4.0 3.5 4.0 4.0 1.5 3.0 4
00000730 0.77 0.7 0.0 2.5 1.0 0.0 0.5 0.5 2
00000731 3.66 3.9 4.0 4.0 4.0 4.0 4.0 4.0 5
00000732 0.55 0.9 1.0 1.0 0.0 1.0 1.5 0.0 7
00000733 2.7 3.0 2.0 3.0 2.5 4.0 2.5 3.5 1
00000734 1.81 2.0 2.5 4.0 3.5 0.5 3.0 2.0 2
00000735 3.47 3.05 4.0 1.0 4.0 1.5 4.0 2.5 3
00000736 2.52 2.2 4.0 3.5 3.0 2.0 1.5 0.5 9
00000737 3.7 3.7 4.0 2.5 3.5 4.0 4.0 4.0 3
00000738 3.31 3.45 3.5 3.5 3.5 4.0 4.0 2.5 3
00000739 3.64 3.6 3.0 4.0 3.0 4.0 4.0 4.0 8
00000740 3.69 3.65 3.5 3.0 4.0 4.0 4.0 4.0 9
00000741 2.73 3.05 2.0 3.0 2.0 3.0 2.5 4.0 7
00000742 3.58 3.65 4.0 4.0 3.0 3.0 4.0 4.0 1
00000743 2.48 3.05 2.0 2.0 4.0 3.5 4.0 2.0 3
00000744 2.81 1.8 1.5 0.5 1.5 1.5 2.5 0.5 6
00000745 1.06 0.95 2.0 1.0 0.0 1.0 0.0 1.0 2
00000746 0.97 1.0 0.5 2.5 0.0 2.0 1.5 0.0 8
00000747 3.3 3.8 4.0 4.0 4.0 4.0 4.0 4.0 8
00000748 2.14 1.6 0.0 1.0 2.5 4.0 0.5 1.0 4
00000749 3.34 3.75 4.0 4.0 4.0 4.0 4.0 4.0 10
00000750 2.52 3.05 4.0 4.0 2.5 3.5 3.5 1.5 1
00000751 1.77 1.75 1.0 3.5 2.5 2.5 1.0 3.5 3
00000752 2.48 3.05 4.0 4.0 1.5 2.0 3.0 3.0 5
00000753 0.64 0.8 1.5 0.5 0.0 2.0 2.0 0.5 1
00000754 2.8 2.5 3.0 1.0 2.0 2.5 2.0 3.0 4
00000755 3.59 3.65 4.0 4.0 4.0 4.0 4.0 2.5 7
00000756 3.67 3.75 4.0 3.0 4.0 4.0 3.0 4.0 2
00000757 0.95 0.6 0.0 0.0 0.5 1.0 0.5 0.0 2
00000758 2.69 2.45 2.5 3.0 2.5 2.0 3.0 3.0 10
00000759 2.31 2.55 1.0 3.5 0.5 1.5 3.5 3.5 10
00000760 3.78 3.55 4.0 3.0 4.0 4.0 3.5 4.0 9
00000761 3.41 3.35 2.5 4.0 3.5 3.5 4.0 1.0 5
00000762 3.59 3.75 4.0 4.0 2.0 4.0 4.0 4.0 7
00000763 2.81 3.2 4.0 2.5 2.5 4.0 3.0 4.0 4
00000764 1.13 1.25 1.0 1.0 1.5 1.0 1.5 3.0 10
00000765 3.56 3.35 2.5 3.5 3.0 3.5 4.0 4.0 6
00000766 3.94 3.9 4.0 4.0 4.0 3.5 3.5 4.0 5
00000767 2.78 2.4 3.5 2.5 2.5 3.0 1.5 1.0 7
00000768 3.41 3.55 4.0 3.0 4.0 4.0 2.5 4.0 2
00000769 3.66 3.7 4.0 3.5 4.0 3.5 4.0 4.0 7
00000770 3.72 3.85 4.0 4.0 3.5 4.0 4.0 4.0 6
00000771 3.8 3.75 3.5 4.0 4.0 4.0 4.0 4.0 7
00000772 3.59 3.5 4.0 2.5 4.0 2.0 3.0 4.0 6
00000773 1.77 1.8 0.5 2.0 2.5 2.5 1.0 1.0 1
00000774 1.06 0.6 0.5 0.0 0.0 0.0 0.5 1.0 2
00000775 0.7 0.7 0.5 2.0 1.0 0.0 1.0 2.0 1
00000776 0.98 1.35 0.5 1.0 0.0 1.0 3.0 1.0 3
00000777 1.84 1.7 0.5 3.5 0.0 0.0 4.0 1.5 5
00000778 3.23 2.8 2.5 2.5 2.0 4.0 3.0 2.0 10
00000779 3.22 3.3 4.0 4.0 2.0 4.0 3.5 3.5 9
00000780 3.64 3.65 4.0 4.0 3.5 3.0 2.5 4.0 6
00000781 3.05 3.15 3.0 3.0 2.5 2.0 3.5 4.0 3
00000782 1.05 1.05 0.0 0.0 0.5 3.0 2.5 1.0 7
00000783 0.58 1.3 2.0 1.0 0.0 1.5 1.0 1.5 8
00000784 3.17 2.95 3.5 4.0 4.0 3.0 2.5 2.0 7
00000785 1.13 1.2 2.5 2.0 1.5 0.5 2.5 0.5 4
00000786 2.58 3.05 3.5 4.0 4.0 2.5 1.5 2.5 8
00000787 2.72 2.75 3.0 3.0 4.0 3.5 3.0 3.0 7
00000788 3.28 3.15 2.5 2.0 3.0 3.5 3.0 4.0 6
00000789 1.0 1.3 1.0 2.0 0.5 0.5 0.0 3.0 2
00000790 1.08 1.0 0.0 1.5 3.0 0.0 0.5 1.5 10
00000791 3.75 3.6 4.0 4.0 4.0 3.0 3.0 3.5 5
00000792 2.2 2.45 2.0 3.5 0.5 1.5 1.5 3.0 7
00000793 3.56 3.45 3.0 4.0 4.0 4.0 2.0 2.5 2
00000794 3.7 3.65 4.0 3.5 4.0 3.5 2.0 4.0 9
00000795 2.42 2.5 4.0 1.0 2.5 2.5 2.0 2.5 7
00000796 3.31 3.3 3.0 2.5 3.0 3.5 4.0 3.5 2
00000797 3.67 3.8 3.0 3.5 4.0 4.0 4.0 4.0 4
00000798 1.16 1.25 0.5 2.0 2.0 0.5 0.5 3.5 5
00000799 3.86 3.7 4.0 4.0 3.0 4.0 4.0 4.0 6
00000800 3.31 3.2 3.5 4.0 3.5 4.0 2.0 3.0 4
00000801 2.06 1.75 2.0 1.5 3.0 1.0 2.5 1.0 1
00000802 3.45 3.6 3.5 1.5 4.0 4.0 4.0 4.0 3
00000803 3.67 3.75 4.0 2.5 3.5 4.0 4.0 3.5 2
00000804 2.55 2.65 2.0 1.5 3.0 4.0 3.0 3.0 2
00000805 3.83 3.95 4.0 4.0 4.0 4.0 3.5 4.0 7
00000806 2.72 2.7 3.0 1.5 4.0 2.0 4.0 2.5 1
00000807 2.08 2.0 2.0 2.0 0.0 2.0 2.5 2.5 10
00000808 1.33 2.05 2.0 3.5 2.0 2.0 2.5 2.0 1
00000809 3.2 3.05 2.5 4.0 1.5 4.0 4.0 1.0 2
00000810 2.61 2.3 3.0 2.0 1.0 3.5 2.5 1.5 10
00000811 1.27 1.1 0.0 0.5 1.5 1.5 1.5 0.5 3
00000812 0.83 1.05 0.0 0.0 1.5 0.0 1.0 1.0 1
00000813 1.02 1.2 0.0 1.0 2.5 2.5 0.5 0.5 10
00000814 2.92 3.35 3.5 4.0 3.5 2.5 3.0 3.5 1
00000815 2.23 2.0 4.0 2.0 3.0 2.5 1.5 3.5 8
00000816 0.97 1.2 0.0 1.5 2.5 0.5 0.0 0.0 10
00000817 0.73 1.45 2.0 0.5 1.5 1.5 2.0 1.0 3
00000818 3.89 3.9 3.5 4.0 4.0 4.0 4.0 4.0 2
00000819 3.77 3.75 3.0 3.0 4.0 4.0 4.0 4.0 5
00000820 0.95 0.8 0.0 2.5 0.5 1.0 1.0 0.5 2
00000821 0.81 1.15 2.5 1.5 2.5 1.5 1.0 0.0 8
00000822 0.73 0.56 -1 0.0 1.5 0.5 0.0 1.0 8
00000823 0.81 0.95 2.0 2.5 0.0 0.0 0.5 1.5 10
00000824 3.63 3.7 4.0 4.0 4.0 4.0 3.5 2.0 7
00000825 3.17 3.6 4.0 4.0 4.0 3.5 3.0 3.5 4
00000826 0.81 0.95 2.0 0.0 1.5 2.0 1.0 0.0 4
00000827 2.83 2.5 3.5 1.5 4.0 2.0 2.5 2.5 7
00000828 1.05 1.2 0.0 2.0 0.0 0.5 0.0 3.0 3
00000829 3.66 3.3 3.5 1.5 3.0 4.0 2.5 4.0 3
00000830 1.17 1.3 0.5 0.0 0.5 0.5 1.5 2.5 8
00000831 3.53 3.7 3.5 4.0 4.0 4.0 4.0 4.0 6
00000832 0.7 1.05 1.0 1.0 0.5 0.5 1.5 1.0 6
00000833 3.58 3.85 4.0 4.0 4.0 3.0 4.0 3.5 8
00000834 1.31 1.25 2.5 0.0 0.0 0.5 2.5 1.0 2
00000835 0.61 0.65 0.5 0.0 1.0 1.0 0.5 1.0 10
00000836 3.59 3.4 4.0 4.0 4.0 1.5 3.0 4.0 2
00000837 3.2 3.45 3.0 3.5 3.5 3.5 4.0 4.0 2
00000838 3.48 3.5 4.0 4.0 4.0 3.0 3.5 4.0 2
00000839 2.81 2.4 1.5 2.5 3.0 3.0 2.0 1.5 6
00000840 0.88 1.5 0.5 2.0 2.5 2.5 0.0 2.0 7
00000841 3.3 3.0 3.5 3.0 2.5 4.0 4.0 3.0 7
00000842 2.13 1.75 2.5 0.5 1.5 2.5 2.5 1.0 4
00000843 2.69 3.15 3.5 3.0 4.0 4.0 3.0 4.0 3
00000844 3.78 3.65 4.0 4.0 4.0 2.5 4.0 4.0 8
00000845 3.73 3.7 4.0 4.0 4.0 4.0 3.5 3.0 3
00000846 1.97 2.05 4.0 1.5 1.0 2.0 3.5 3.5 3
00000847 2.63 2.55 2.5 0.5 4.0 3.0 2.0 3.0 4
00000848 2.78 2.8 2.0 3.5 1.5 3.0 2.5 3.5 1
00000849 3.55 3.55 3.5 4.0 2.5 3.0 4.0 4.0 10
00000850 2.78 2.95 2.0 4.0 2.5 4.0 4.0 2.0 4
00000851 3.69 3.45 1.5 4.0 3.0 4.0 4.0 4.0 10
00000852 2.7 2.75 3.0 1.5 3.0 3.5 3.5 1.0 6
00000853 2.42 2.8 0.0 3.0 3.0 2.5 4.0 3.5 4
00000854 3.09 2.75 1.5 4.0 3.0 3.0 0.5 3.5 7
00000855 0.63 0.8 0.5 1.0 1.5 1.0 0.0 1.5 8
00000856 1.86 1.55 1.5 0.0 1.5 0.0 2.0 0.0 9
00000857 0.89 0.65 1.5 1.0 0.0 0.0 0.0 1.0 4
00000858 2.17 2.55 3.0 1.5 4.0 2.0 2.5 2.0 2
00000859 2.63 2.75 2.0 2.5 3.0 3.5 1.0 3.5 1
00000860 2.83 2.0 3.5 0.0 2.0 0.0 2.0 2.0 2
00000861 3.17 3.25 4.0 4.0 1.5 4.0 3.5 3.5 5
00000862 2.47 2.7 4.0 2.0 2.5 4.0 2.5 3.0 9
00000863 3.45 3.05 2.5 2.5 3.5 2.5 3.5 4.0 7
00000864 2.13 1.95 3.5 2.0 2.0 1.0 1.5 1.5 1
00000865 1.09 1.0 0.0 0.5 1.0 0.0 0.0 2.5 6
00000866 3.19 2.9 3.0 2.5 2.0 4.0 4.0 3.0 5
00000867 3.34 3.4 3.0 4.0 4.0 4.0 3.5 3.5 9
00000868 1.33 1.15 1.5 0.0 1.5 1.5 0.0 0.0 6
00000869 3.39 3.2 4.0 3.0 2.5 2.5 2.5 2.5 9
00000870 2.88 2.75 2.5 3.0 1.0 3.0 2.5 4.0 1
00000871 2.27 1.65 2.5 2.5 0.0 3.0 1.5 0.0 7
00000872 2.94 3.35 4.0 3.5 4.0 3.5 1.5 2.5 6
00000873 1.72 1.8 2.5 4.0 1.0 1.5 1.5 2.0 8
00000874 1.47 1.45 2.0 1.5 2.0 0.0 1.5 0.5 9
00000875 3.16 3.05 4.0 2.0 2.5 3.5 4.0 2.5 6
00000876 3.8 3.7 3.5 4.0 4.0 3.5 4.0 3.0 6
00000877 2.55 2.55 3.5 2.0 2.5 3.5 3.0 0.5 3
00000878 2.8 2.8 2.5 3.0 3.0 2.0 2.5 2.5 2
00000879 1.11 1.15 1.5 1.5 1.0 1.5 1.0 1.5 7
00000880 2.81 2.95 4.0 1.5 3.5 1.5 3.5 2.5 7
00000881 2.66 3.2 3.0 2.0 2.5 4.0 3.5 2.0 6
00000882 3.42 3.65 3.5 4.0 4.0 4.0 2.5 3.0 2
00000883 3.36 3.4 3.0 3.5 2.5 4.0 3.0 3.0 9
00000884 2.7 3.0 2.0 2.0 3.0 4.0 2.5 2.0 10
00000885 3.5 3.7 4.0 4.0 4.0 4.0 4.0 4.0 2
00000886 1.17 0.95 0.5 1.0 0.0 1.5 0.0 2.5 10
00000887 1.41 1.15 0.5 1.5 1.0 1.5 1.5 2.0 6
00000888 2.5 2.35 3.5 1.5 3.0 0.5 1.5 2.5 5
00000889 2.86 2.85 3.0 3.0 1.5 4.0 1.5 4.0 7
00000890 1.58 2.05 1.0 1.5 2.5 2.5 2.0 1.0 2
00000891 1.17 0.55 1.0 0.0 0.0 0.0 1.0 1.5 2
00000892 3.64 3.55 3.5 4.0 3.0 4.0 4.0 4.0 6
00000893 1.23 1.4 2.5 1.5 2.5 1.0 2.0 0.0 7
00000894 3.61 3.85 3.5 4.0 4.0 3.5 4.0 4.0 7
00000895 3.81 3.8 4.0 4.0 3.5 4.0 4.0 4.0 3
00000896 3.69 3.5 2.5 4.0 2.5 4.0 3.0 3.5 7
00000897 2.58 2.8 2.5 1.5 3.5 2.5 2.0 3.5 8
00000898 3.19 3.45 3.5 2.0 3.5 4.0 4.0 4.0 8
00000899 1.58 2.1 1.5 2.0 2.5 1.5 2.5 1.0 4
00000900 1.25 1.05 0.0 0.5 1.5 0.0 2.0 1.5 3
00000901 2.69 2.75 4.0 2.5 3.5 3.0 2.5 1.5 3
00000902 3.34 3.35 4.0 4.0 3.0 3.5 2.5 4.0 5
00000903 1.05 1.6 1.0 0.5 1.5 2.5 2.5 3.0 4
00000904 2.56 2.7 3.0 3.5 4.0 2.0 1.0 2.5 7
00000905 1.17 0.85 0.0 2.5 2.0 0.0 2.0 1.5 6
00000906 1.52 1.9 2.0 1.5 3.0 1.5 2.0 0.5 2
00000907 2.38 2.55 1.5 3.0 2.0 2.5 2.5 3.0 3
00000908 3.64 2.95 0.5 4.0 2.0 2.5 2.5 3.0 1
00000909 3.09 3.0 3.0 2.0 2.5 4.0 4.0 3.0 6
00000910 1.67 1.75 3.0 0.0 1.0 0.5 2.0 3.0 8
00000911 0.88 1.45 0.5 2.5 1.5 3.5 2.0 1.5 10
00000912 3.48 3.6 4.0 2.0 4.0 4.0 4.0 4.0 10
00000913 2.89 2.55 2.0 2.5 2.0 2.5 3.5 1.0 10
00000914 1.22 0.95 0.0 1.0 2.5 1.0 0.5 0.0 1
00000915 2.66 2.9 2.0 2.5 4.0 3.5 2.5 2.5 1
00000916 1.45 1.25 2.5 0.5 1.0 1.5 0.5 2.0 7
00000917 3.41 3.3 4.0 3.5 4.0 3.0 4.0 1.5 8
00000918 2.72 2.8 3.0 1.0 3.0 3.5 3.5 4.0 7
00000919 0.98 0.7 1.5 0.0 0.0 0.0 2.0 0.0 3
00000920 3.33 3.3 4.0 1.5 4.0 2.5 4.0 3.5 3
00000921 3.73 3.45 3.5 4.0 3.0 4.0 3.5 2.0 7
00000922 2.69 2.0 1.5 1.5 0.0 4.0 2.5 3.5 2
00000923 0.83 1.05 1.5 2.0 1.0 1.0 0.5 0.0 6
00000924 1.42 1.2 0.5 0.0 1.0 1.5 3.0 0.5 5
00000925 3.3 3.1 2.0 4.0 4.0 3.5 1.0 2.5 3
00000926 1.25 1.05 0.0 0.5 1.5 1.5 2.0 0.0 3
00000927 0.89 1.0 1.0 1.5 3.0 0.5 1.0 2.0 9
00000928 3.77 3.75 3.5 4.0 4.0 3.5 4.0 4.0 9
00000929 0.7 0.95 0.0 1.5 1.5 2.5 0.0 0.5 6
00000930 1.09 1.1 0.5 3.5 0.0 0.5 2.0 0.0 1
00000931 3.69 3.8 3.5 4.0 4.0 4.0 4.0 4.0 10
00000932 3.66 3.4 3.5 4.0 3.5 3.0 4.0 3.0 1
00000933 2.58 2.8 2.0 4.0 2.5 2.5 4.0 3.0 8
00000934 3.77 3.95 4.0 4.0 3.5 4.0 4.0 4.0 10
00000935 2.66 2.5 3.5 3.0 3.0 2.0 2.5 2.0 10
00000936 3.42 3.7 4.0 4.0 4.0 4.0 4.0 3.0 6
00000937 0.63 0.56 -1 0.5 0.5 0.0 0.0 1.5 3
00000938 3.81 3.85 4.0 4.0 4.0 4.0 4.0 4.0 8
00000939 0.94 0.75 0.5 1.5 0.5 1.0 0.0 1.0 2
00000940 3.27 2.9 3.0 2.0 3.5 2.5 3.5 4.0 5
00000941 2.58 3.2 3.0 2.5 3.5 4.0 2.5 2.5 5
00000942 1.16 1.25 0.0 3.0 2.0 0.5 1.0 1.5 2
00000943 1.73 1.45 2.0 3.5 2.5 1.0 1.5 1.5 9
00000944 0.88 0.6 0.0 0.5 1.5 0.5 0.0 0.0 8
00000945 3.11 2.95 4.0 3.0 3.0 4.0 3.0 1.5 4
00000946 2.75 3.1 3.0 3.0 4.0 2.5 4.0 1.5 6
00000947 3.45 3.45 3.5 4.0 4.0 3.5 2.5 3.5 7
00000948 2.98 3.0 3.5 4.0 3.0 3.5 3.0 4.0 7
00000949 3.14 3.0 4.0 3.5 1.5 4.0 4.0 1.0 10
00000950 2.8 3.05 4.0 3.0 3.0 3.0 4.0 4.0 7
00000951 3.86 3.75 3.5 2.5 4.0 4.0 4.0 3.5 4
00000952 3.84 3.85 3.5 4.0 4.0 4.0 3.0 4.0 2
00000953 0.47 0.75 1.0 0.0 2.0 0.5 1.0 0.0 10
00000954 1.27 1.0 -1 0.5 1.0 0.0 0.5 0.0 4
00000955 3.34 3.28 -1 3.5 4.0 2.5 2.5 4.0 4
00000956 1.81 2.1 2.0 2.5 3.0 2.0 1.5 2.5 9
00000957 0.98 1.25 2.0 2.0 1.0 0.0 2.5 0.0 4
00000958 2.77 3.05 1.5 4.0 3.0 2.5 4.0 3.5 6
00000959 3.75 3.6 2.5 4.0 4.0 4.0 1.5 4.0 6
00000960 2.19 2.55 3.0 2.5 2.0 3.0 1.5 3.0 4
00000961 3.5 3.55 2.5 4.0 3.0 4.0 2.5 4.0 2
00000962 3.47 3.25 2.5 3.0 4.0 2.0 3.5 3.0 9
00000963 3.13 3.2 4.0 2.5 4.0 1.5 3.5 4.0 2
00000964 1.19 0.95 1.5 1.0 1.5 2.5 0.0 1.5 2
00000965 0.95 0.85 0.5 0.0 2.5 2.5 0.0 0.0 7
00000966 1.05 1.0 0.5 1.5 0.5 1.0 2.0 1.0 7
00000967 3.72 3.7 4.0 4.0 3.0 4.0 4.0 4.0 8
00000968 3.09 3.5 4.0 3.5 4.0 4.0 1.5 2.5 8
00000969 2.5 2.95 4.0 3.5 4.0 2.5 1.5 2.0 10
00000970 3.47 3.6 4.0 4.0 4.0 3.0 2.5 4.0 1
00000971 2.86 3.35 3.5 1.5 3.5 2.5 3.0 4.0 9
00000972 0.95 1.0 0.5 3.0 1.5 1.0 0.0 1.5 2
00000973 1.78 2.15 2.0 0.0 4.0 3.0 2.5 3.5 8
00000974 3.69 3.95 4.0 4.0 4.0 4.0 4.0 3.5 3
00000975 2.5 2.75 3.0 2.5 3.5 4.0 2.5 3.0 3
00000976 3.84 3.95 4.0 4.0 3.5 4.0 4.0 4.0 1
00000977 2.19 2.25 1.0 3.0 2.5 2.5 2.5 2.5 6
00000978 0.95 1.1 0.5 0.5 2.5 2.0 3.0 1.5 7
00000979 3.63 3.85 2.5 4.0 4.0 4.0 4.0 4.0 4
00000980 1.87 1.89 -1 1.5 2.0 1.0 2.5 3.0 1
00000981 2.22 2.25 1.0 3.0 2.0 2.5 3.5 1.0 10
00000982 1.88 2.55 2.0 2.0 2.5 3.0 3.0 3.0 10
00000983 3.34 3.33 -1 3.0 4.0 4.0 4.0 1.5 5
00000984 3.44 3.65 4.0 3.0 4.0 4.0 4.0 3.0 3
00000985 1.33 1.5 3.5 2.0 0.0 0.5 0.5 2.0 8
00000986 3.73 3.75 3.0 3.0 4.0 4.0 4.0 4.0 3
00000987 1.02 1.05 1.0 1.0 0.5 1.5 1.5 2.0 8
00000988 2.3 2.3 4.0 1.0 1.0 1.0 3.0 1.0 5
00000989 3.69 3.45 4.0 4.0 3.0 4.0 3.5 3.0 4
00000990 3.28 3.15 3.5 2.5 1.5 3.0 3.5 4.0 8
00000991 3.59 3.4 4.0 2.0 2.5 3.5 4.0 4.0 2
00000992 0.97 0.95 1.5 1.0 1.5 0.0 2.0 0.5 5
00000993 3.52 3.75 4.0 4.0 4.0 4.0 3.5 3.5 4
00000994 3.23 3.4 3.0 3.0 3.5 4.0 2.5 2.0 7
00000995 3.92 3.9 3.5 3.5 4.0 4.0 4.0 4.0 4
00000996 3.28 3.3 2.0 4.0 2.5 2.5 4.0 3.0 4
00000997 1.3 1.4 1.0 1.5 1.5 1.5 0.5 1.0 6
00000998 2.5 3.25 3.5 3.5 3.0 4.0 4.0 4.0 2
00000999 0.78 1.1 1.5 1.0 0.0 1.0 0.5 4.0 3
